LoadRulesRealTime,LoadRulesCPUTime,LoadFactsRealTime,LoadFactsCPUTime,QueryRealTime,QueryCPUTime,WriteRealTime,WriteCPUTime
0.00116920471191406,0.000545,0.269945859909058,0.256228,2.68147611618042,2.674591,0.21369481086731001,0.21161600000000025
0.00117301940917969,0.000549000000000001,0.272799968719482,0.258841,2.67751598358154,2.671099,0.20184206962586027,0.19862800000000025
0.00115609169006348,0.000550999999999999,0.272403955459595,0.258664,2.6739490032196,2.667086,0.20796203613282005,0.20438200000000029
0.00118017196655273,0.00055,0.272554874420166,0.258801,2.68813514709473,2.681055,0.20272397994994984,0.20085299999999995
0.00116515159606934,0.000543999999999999,0.273952960968018,0.260177,3.25900483131409,3.247802,-0.38742470741272017,-0.3851089999999999
Average,0.00116872787475586,0.0005477999999999998,0.2723315238952638,0.25854220000000006,2.796016216278076,2.7883266,0.087759637832644,0.08607400000000016
